"Pop2EduF"	"LabFperM"	"ExpEdu"	"LifeExp"	"GNI"	"MatMort"	"AdolBirth"	"PercInParl"
"Norway"	97.4	0.890829694323144	17.5	81.6	64992	4	7.8	39.6
"Australia"	94.3	0.818941504178273	20.2	82.4	42261	6	12.1	30.5
"Switzerland"	95	0.825100133511348	15.8	83	56431	6	1.9	28.5
"Denmark"	95.5	0.884036144578313	18.7	80.2	44025	5	5.1	38
"Netherlands"	87.7	0.828611898016997	17.9	81.6	45435	6	6.2	36.9
"Germany"	96.3	0.807228915662651	16.5	80.9	43919	7	3.8	36.9
"Ireland"	80.5	0.779735682819383	18.6	80.9	39568	9	8.2	19.9
"United States"	95.1	0.817126269956459	16.5	79.1	52947	28	31	19.4
"Canada"	100	0.867605633802817	15.9	82	42155	11	14.5	28.2
"New Zealand"	95	0.840108401084011	19.2	81.8	32689	8	25.3	31.4
"Singapore"	74.1	0.761658031088083	15.4	83	76628	6	6	25.3
"Sweden"	86.5	0.888070692194403	15.8	82.2	45636	4	6.5	43.6
"United Kingdom"	99.8	0.810771470160116	16.2	80.7	39267	8	25.8	23.5
"Iceland"	91	0.910852713178295	19	82.6	35182	4	11.5	41.3
"Korea (Republic of)"	77	0.694868238557559	16.9	81.9	33890	27	2.2	16.3
"Israel"	84.4	0.837916063675832	16	82.4	30676	2	7.8	22.5
"Luxembourg"	100	0.784829721362229	13.9	81.7	58711	11	8.3	28.3
"Japan"	87	0.693181818181818	15.3	83.5	36927	6	5.4	11.6
"Belgium"	77.5	0.801011804384486	16.3	80.8	41187	6	6.7	42.4
"France"	78	0.823051948051948	16	82.2	38056	12	5.7	25.7
"Austria"	100	0.806499261447563	15.7	81.4	43869	4	4.1	30.3
"Finland"	100	0.8703125	17.1	80.8	38695	4	9.2	42.5
"Slovenia"	95.8	0.82753164556962	16.8	80.4	27852	7	0.6	27.7
"Spain"	66.8	0.797872340425532	17.3	82.6	32045	4	10.6	38
"Italy"	71.2	0.665546218487395	16	83.1	33030	4	4	30.1
"Czech Republic"	99.9	0.748169838945827	16.4	78.6	26660	5	4.9	18.9
"Greece"	59.5	0.7072	17.6	80.9	24524	5	11.9	21
"Estonia"	100	0.815674891146589	16.5	76.8	25214	11	16.8	19.8
"Cyprus"	76	0.787623066104079	14	80.2	28633	10	5.5	12.5
"Qatar"	66.7	0.531937172774869	13.8	78.2	123124	6	9.5	0
"Slovakia"	99.1	0.744897959183674	15.1	76.3	25845	7	15.9	18.7
"Poland"	79.4	0.75346687211094	15.5	77.4	23177	3	12.2	22.1
"Lithuania"	89.1	0.829123328380386	16.4	73.3	24500	11	10.6	23.4
"Malta"	68.6	0.571644042232277	14.4	80.6	27930	9	18.2	13
"Saudi Arabia"	60.5	0.257982120051086	16.3	74.3	52821	16	10.2	19.9
"Argentina"	56.3	0.633333333333333	17.9	76.3	22050	69	54.4	36.8
"United Arab Emirates"	73.1	0.505434782608696	13.3	77	60868	8	27.6	17.5
"Chile"	73.3	0.657754010695187	15.2	81.7	21290	22	55.3	15.8
"Portugal"	47.7	0.829305135951662	16.3	80.9	25757	8	12.6	31.3
"Hungary"	97.9	0.746666666666667	15.4	75.2	22916	14	12.1	10.1
"Bahrain"	56.7	0.451093210586881	14.4	76.6	38599	22	13.8	15
"Latvia"	98.9	0.812130177514793	15.2	74.2	22281	13	13.5	18
"Croatia"	85	0.76541095890411	14.8	77.3	19409	13	12.7	25.8
"Kuwait"	55.6	0.524669073405536	14.7	74.4	83961	14	14.5	1.5
"Montenegro"	84.2	0.75043630017452	15.2	76.2	14558	7	15.2	17.3
"Belarus"	87	0.793977812995246	15.7	71.3	16676	1	20.6	30.1
"Russian Federation"	89.6	0.796373779637378	14.7	70.1	22352	24	25.7	14.5
"Oman"	47.2	0.351089588377724	13.6	76.8	34858	11	10.6	9.6
"Romania"	86.1	0.750385208012327	14.2	74.7	18108	33	31	12
"Uruguay"	54.4	0.723958333333333	15.5	77.2	19283	14	58.3	11.5
"Bahamas"	91.2	0.873896595208071	12.6	75.4	21336	37	28.5	16.7
"Kazakhstan"	95.3	0.869062901155327	15	69.4	20867	26	29.9	20.1
"Barbados"	89.5	0.860313315926893	15.4	75.6	12488	52	48.4	19.6
"Bulgaria"	93	0.811864406779661	14.4	74.2	15596	5	35.9	20.4
"Panama"	54	0.599022004889976	13.3	77.6	18192	85	78.5	19.3
"Malaysia"	65.1	0.588079470198675	12.7	74.7	22762	29	5.7	14.2
"Mauritius"	49.4	0.587601078167116	15.6	74.4	17470	73	30.9	11.6
"Trinidad and Tobago"	59.7	0.701986754966887	12.3	70.4	26090	84	34.8	24.7
"Serbia"	58.4	0.730706075533662	14.4	74.9	12190	16	16.9	34
"Cuba"	74.3	0.62	13.8	79.4	7301	80	43.1	48.9
"Lebanon"	53	0.328631875881523	13.8	79.3	16509	16	12	3.1
"Costa Rica"	50.7	0.589873417721519	13.9	79.4	13413	38	60.8	33.3
"Iran (Islamic Republic of)"	62.2	0.22554347826087	15.1	75.4	15440	23	31.6	3.1
"Venezuela (Bolivarian Republic of)"	56.6	0.64520202020202	14.2	74.2	16159	110	83.2	17
"Turkey"	39	0.415254237288136	14.5	75.3	18677	20	30.9	14.4
"Sri Lanka"	72.7	0.46002621231979	13.7	74.9	9779	29	16.9	5.8
"Mexico"	55.7	0.564455569461827	13.1	76.8	16056	49	63.4	37.1
"Brazil"	54.6	0.735148514851485	15.2	74.5	15175	69	70.8	9.6
"Georgia"	89.7	0.752330226364847	13.8	74.9	7164	41	46.8	11.3
"Azerbaijan"	93.7	0.903735632183908	11.9	70.8	16428	26	40	15.6
"Jordan"	69.5	0.234234234234234	13.5	74	11365	50	26.5	11.6
"The former Yugoslav Republic of Macedonia"	40.2	0.638518518518518	13.4	75.4	11780	7	18.3	33.3
"Ukraine"	91.7	0.795216741405082	15.1	71	8178	23	25.7	11.8
"Algeria"	26.7	0.210526315789474	14	74.8	13054	89	10	25.7
"Peru"	56.3	0.808056872037915	13.1	74.6	11015	89	50.7	22.3
"Albania"	81.8	0.685496183206107	11.8	77.8	9943	21	15.3	20.7
"Armenia"	94	0.746556473829201	12.3	74.7	8124	29	27.1	10.7
"Bosnia and Herzegovina"	44.9	0.595113438045375	13.6	76.5	9638	8	15.1	19.3
"Ecuador"	40.1	0.66142684401451	14.2	75.9	10605	87	77	41.6
"China"	58.7	0.816091954022989	13.1	75.8	12547	32	8.6	23.6
"Fiji"	64.2	0.520833333333333	15.7	70	7493	59	42.8	14
"Mongolia"	85.3	0.816738816738817	14.6	69.4	10729	68	18.7	14.9
"Thailand"	35.7	0.796778190830235	13.5	74.4	13323	26	41	6.1
"Libya"	55.5	0.392670157068063	14	71.6	14911	15	2.5	16
"Tunisia"	32.8	0.354019746121298	14.6	74.8	10404	46	4.6	31.3
"Colombia"	56.9	0.700125470514429	13.5	74	12040	83	68.5	20.9
"Jamaica"	74	0.791255289139633	12.4	75.7	7415	80	70.1	16.7
"Tonga"	87.5	0.7171581769437	14.7	72.8	5069	120	18.1	0
"Belize"	76.4	0.597812879708384	13.6	70	7614	45	71.4	13.3
"Dominican Republic"	55.6	0.652671755725191	13.1	73.5	11883	100	99.6	19.1
"Suriname"	44.6	0.588662790697674	12.7	71.1	15617	130	35.2	11.8
"Maldives"	27.3	0.725161290322581	13	76.8	12328	31	4.2	5.9
"Samoa"	64.3	0.402397260273973	12.9	73.4	5327	58	28.3	6.1
"Botswana"	73.6	0.881127450980392	12.5	64.5	16646	170	44.2	9.5
"Moldova (Republic of)"	93.6	0.850678733031674	11.9	71.6	5223	21	29.3	20.8
"Egypt"	43.9	0.316844919786096	13.5	71.1	10512	45	43	2.2
"Gabon"	53.9	0.859327217125382	12.5	64.4	16367	240	103	16.2
"Indonesia"	39.9	0.610451306413302	13	68.9	9788	190	48.3	17.1
"Paraguay"	36.8	0.65683962264151	11.9	72.9	7643	110	67	16.8
"Philippines"	65.9	0.641154328732748	11.3	68.2	7915	120	46.8	27.1
"El Salvador"	36.8	0.605063291139241	12.3	73	7349	69	76	27.4
"South Africa"	72.7	0.735537190082645	13.6	57.4	12122	140	50.9	40.7
"Viet Nam"	59.4	0.888077858880779	11.9	75.8	5092	49	29	24.3
"Bolivia (Plurinational State of)"	47.6	0.793572311495674	13.2	68.3	5760	200	71.9	51.8
"Kyrgyzstan"	94.5	0.70440251572327	12.5	70.6	3044	75	29.3	23.3
"Iraq"	27.8	0.213467048710602	10.1	69.4	14003	67	68.7	26.5
"Guyana"	60.3	0.529192546583851	10.3	66.4	6522	250	88.5	31.3
"Nicaragua"	39.4	0.590286425902864	11.5	74.9	4457	100	100.8	39.1
"Morocco"	20.7	0.349604221635884	11.6	74	6850	120	35.8	11
"Namibia"	33.3	0.858712715855573	11.3	64.8	9418	130	54.9	37.7
"Guatemala"	21.9	0.558956916099773	10.7	71.8	6929	140	97.2	13.3
"Tajikistan"	95.1	0.763942931258106	11.2	69.4	2517	44	42.8	15.2
"India"	27	0.337922403003755	11.7	68	5497	190	32.8	12.2
"Honduras"	28	0.516284680337756	11.1	73.1	3938	120	84	25.8
"Bhutan"	34	0.863989637305699	12.6	69.5	7176	120	40.9	8.3
"Syrian Arab Republic"	29.5	0.185694635488308	12.3	69.6	2728	49	41.6	12.4
"Congo"	39.7	0.938356164383562	11.1	62.3	6012	410	126.7	11.5
"Zambia"	25.8	0.853971962616822	13.5	60.1	3734	280	125.4	12.7
"Ghana"	45.2	0.942577030812325	11.5	61.4	3852	380	58.4	10.9
"Bangladesh"	34.1	0.682520808561237	10	71.6	3191	170	80.6	20
"Cambodia"	9.9	0.910982658959538	10.9	68.4	2949	170	44.3	19
"Kenya"	25.3	0.859116022099447	11	61.6	2762	400	93.6	20.8
"Nepal"	17.7	0.917336394948335	12.4	69.6	2311	190	73.7	29.5
"Pakistan"	19.3	0.296743063932449	7.8	66.2	4866	170	27.3	19.7
"Myanmar"	22.9	0.913730255164034	8.6	65.9	4608	200	12.1	4.7
"Swaziland"	21.9	0.613128491620112	11.3	49	5542	310	72	14.7
"Tanzania (United Republic of)"	5.6	0.976718403547672	9.2	65	2411	410	122.7	36
"Cameroon"	21.3	0.830729166666667	10.4	55.5	2803	590	115.8	27.1
"Zimbabwe"	48.7	0.927536231884058	10.9	57.5	1615	470	60.3	35.1
"Mauritania"	8.3	0.36283185840708	8.5	63.1	3560	320	73.3	22.2
"Papua New Guinea"	7.6	0.952702702702703	9.9	62.6	2463	220	62.1	2.7
"Yemen"	8.6	0.35180055401662	9.2	63.8	3519	270	47	0.7
"Lesotho"	21.9	0.802721088435374	11.1	49.8	3306	490	89.4	26.8
"Togo"	16.1	0.991389913899139	12.2	59.7	1228	450	91.5	17.6
"Haiti"	22.4	0.857746478873239	8.7	62.8	1669	380	42	3.5
"Rwanda"	8	1.01289566236811	10.3	64.2	1458	320	33.6	57.5
"Uganda"	22.9	0.957070707070707	9.8	58.5	1613	360	126.6	35
"Benin"	11.3	0.863346104725415	11.1	59.6	1767	340	90.2	8.4
"Sudan"	12.1	0.411842105263158	7	63.5	3809	360	84	23.8
"Senegal"	7.2	0.75	7.9	66.5	2188	320	94.4	42.7
"Afghanistan"	5.9	0.19874213836478	9.3	60.4	1885	400	86.8	27.6
"Côte d'Ivoire"	14	0.643734643734644	8.9	51.5	3171	720	130.3	9.2
"Malawi"	11.1	1.03803680981595	10.8	62.8	747	510	144.8	16.7
"Ethiopia"	7.8	0.875699888017917	8.5	64.1	1428	420	78.4	25.5
"Gambia"	17.4	0.870928829915561	8.8	60.2	1507	430	115.8	9.4
"Congo (Democratic Republic of the)"	12.8	0.965846994535519	9.8	58.7	680	730	135.3	8.2
"Liberia"	15.4	0.898148148148148	9.5	60.9	805	640	117.4	10.7
"Mali"	7.7	0.624078624078624	8.4	58	1583	550	175.6	9.5
"Mozambique"	1.4	1.03260869565217	9.3	55.1	1123	480	137.8	39.6
"Sierra Leone"	10	0.952173913043478	8.6	50.9	1780	1100	100.7	12.4
"Burkina Faso"	0.9	0.856666666666667	7.8	58.7	1591	400	115.4	13.3
"Burundi"	5.3	1.01585365853659	10.1	56.7	758	740	30.3	34.9
"Chad"	1.7	0.808080808080808	7.4	51.6	2085	980	152	14.9
"Central African Republic"	10.1	0.853113983548766	7.2	50.7	581	880	98.3	12.5
"Niger"	2.4	0.445930880713489	5.4	61.4	908	630	204.8	13.3
